31.412596379593015
23.80706289075315
20.529213435202838
24.724744369089603
15.133305474370719
7.982184321433306
8.401604950428009
9.175026415288448
8.678267861902714
8.703475462645292
11.273915614187718
7.948434686660766
9.352849009633065
8.407142049819232
9.885439632087946
7.94513374492526
8.907576861977578
7.5957055509090425
7.587383630126714
7.642174980789423
8.431186167150736
8.107959492504596
8.042049506306649
8.05867164209485
8.79933688044548
7.856260181963444
7.3837807610630986
7.9851373299956325
10.621346713602543
7.921297910809517
7.487098728865385
7.6003898829221725
7.384885393828154
7.253114981949329
7.414070602506399
7.325426659733057
7.485696361958981
7.4098690442740915
7.227949544414878
7.2466207526624205
7.191430720686912
7.290820463001728
7.304049640893936
7.198016223311424
7.136691339313984
7.415626984834671
7.187741472572088
7.614618471264839
7.66398900821805
7.459229293465614
7.378861966729164
7.299847801029682
7.315410690009594
7.9878357835114
7.329139430820942
7.450248678028584
8.077400877326728
8.161387437209488
7.835428251326084
7.576850508898497
7.988372275978326
7.98670629709959
8.073603266105057
8.894358849152923
7.7743196308612825
7.58985596075654
7.781112905964255
7.484153363108635
7.377785564213991
7.156315959990025
7.118763423711061
7.029736065119505
7.203060512244702
6.9614731155335905
6.979993742704392
6.8815725989639756
6.9090788550674915
7.502543089538813
7.329620040208101
8.066217074543237
7.87102892100811
7.2970069639384745
7.158347653597593
7.216388490051031
7.378016844391823
7.675560541450977
7.630534118413925
7.372672142833471
7.3515583500266075
7.086135710775852
6.993571524322033
7.010199514776469
7.232853981107473
7.115351465716958
7.403076433390379
7.251097265258432
7.28376449868083
7.246419332921505
6.979764544963837
6.814868239313364
6.956841120868921
11.589299020171165
11.582178205996751
11.337277714163065
11.441777890920639
11.350408033281564
11.712058517336846
10.847553037852048
10.880539635568857
11.715564162284135
11.578649056702853
11.75532957315445
11.439206264913082
11.364719276130199
11.250033439695835
11.468515749275685
11.495598677545786
11.496821718662977
11.460126592218876
11.179762371629476
10.989530839771032
11.39673102274537
11.815307553112508
11.71388643309474
11.398976272344589
11.007628612965345
11.348279098421335
11.499444346129895
11.40027791261673
11.051873479038477
11.327024431526661
11.297977862507105
11.33915875479579
10.899305369704962
11.030566114932299
10.530076587200165
10.483497041463853
9.980773647874594
9.839950337260962
10.119421696662902
9.552973878383636
8.371028758585453
7.499228187650442
7.295973898470402
8.557764954119921
7.932536302506923
8.479936894774436
8.71042540743947
8.021897261589766
7.9764530718326565
7.119732950627804
7.89733766913414
8.036247850954533
8.217045686393977
8.126229324191808
8.720336187630892
8.353785586357116
7.480787272751331
7.727091719955206
7.560260109603405
8.308532256633043
7.8296125933527945
7.688169188052416
8.020150231570005
7.824997579306364
7.709181704372168
8.031639429181814
8.441117248684169
8.257458825409412
8.795596130937337
8.545205350220204
8.014283598959446
8.395645090937615
8.368558004498482
8.352051839977502
8.493900172412395
8.51193478256464
8.484228679537773
8.782221440970897
9.050347327440978
9.322185093909502
9.105792844295502
9.091448907554149
8.985717256367206
9.418069522827864
9.269281531870366
8.971668725460768
8.944557626545429
8.40228708833456
8.143315406143666
8.633439970761538
8.79478290528059
8.93532404974103
8.85760245397687
8.989941487461328
8.827287682145833
8.164854592829943
7.920156518369913
7.319154996424913
7.213785485923291
6.6616964407265185
7.452521737664938
6.229198035597801
7.318122417479754
7.277751266211271
6.943445789068937
6.5168188534677025
6.5508556678891185
6.703880685567856
6.872600397467613
6.786472150683403
6.806828825175762
7.4947562023997305
7.419551539421081
7.8526245199143885
8.276154325902462
8.27629050835967
7.285796007514
6.796191169321537
7.640314400196075
7.5349538892507555
7.9164778113365175
8.357238080352545
8.04257532954216
9.364695874601603
8.68378870561719
9.008787187188863
8.771825717389584
9.099967076629401
8.994901141524315
8.991878819465636
9.295562627911568
9.010977878421546
9.075739531964064
9.07706800326705
8.995259460806846
8.693467728048564
9.015989767760038
9.367027285695077
9.687531942129135
9.066688799858094
9.68855694681406
9.735896234959364
9.397405152767897
9.255703226476907
9.101381406188011
9.236716450005769
9.351786817610265
9.14907448887825
9.575770086795092
9.410823373496532
9.126410615444183
9.450383881479501
9.690051585435867
9.630965585261583
8.884916877001524
8.959571960568429
8.779708538949489
8.635517393797636
8.300039061158895
8.49350499138236
8.606596666574479
8.738167101144791
8.943736159801484
8.863799475878476
9.181127491593362
8.915779025107621
9.203211014717818
9.15931356921792
9.320222780108452
9.275833905488252
8.989939787983895
9.378864896297454
9.263360872864723
8.64661526978016
8.606943087279797
8.651404269039631
8.505233652144671
7.8899219952523705
9.325676575303078
8.755809704214334
9.281311906129122
8.839068333804608
8.919064918160439
8.715461225807667
8.461067924648523
8.184921707212926
8.655948251485825
8.412616563588381
7.213962139189244
8.032455112785101
7.2059400379657745
7.924056235700846
8.538807901740075
8.700811550766229
8.855740405619144
8.749107878655195
8.513771803677082
8.075222862511874
8.25016167908907
7.923620265722275
7.768727067857981
8.20327585414052
8.013156896084547
8.329202150553465
7.694314364343882
7.492556202411651
7.569027063250542
7.941828457266093
7.809066499024629
7.972251883894205
7.73502207249403
7.027775105834007
7.049123014509678
7.156872653216124
7.1102623894810675
6.763998636603356
6.558365259319544
5.8797995038330555
6.508874205499888
6.291512544453144
6.615349459648132
7.294763347506523
7.466841077804565
7.29217442125082
7.358430190384388
6.77895042821765
6.892185153067112
6.428115514665842
6.084246991574764
5.959302689880133
6.364864506572485
5.558648920804262
5.690711487084627
5.924455807358027
6.580249640345573
6.41467347368598
6.484163605421782
6.743050123751163
6.571296995878219
7.529015624523163
7.812524265795946
7.856150770187378
8.264026866853238
8.287251783162356
8.056240569800138
7.028497398644686
7.278193338960409
7.250942751765251
7.352353478968143
7.367464672029018
7.206719151884317
6.766107350587845
7.120737687498331
6.782023821026087
6.602421543002128
7.2124844819307325
6.695593464374542
6.040254338085651
5.8701287150383
6.082232054322958
6.212050571292639
6.371895057708025
6.7725524254143235
7.053197362273932
6.525142341852188
6.071093904227018
6.235435805469751
6.547811055928468
6.664220809936523
6.213667934387923
6.529819295555353
6.208186839520931
5.781792436540127
5.895958618074656
5.732105143368244
5.600836937129498
5.866567017138005
5.646411014348269
5.491765141487122
5.25458811596036
4.958030652999878
4.978429592400789
5.352555157244206
5.735961902886629
5.562717570364475
4.963431784510613
4.928332635760308
5.050710585713387
4.899249102920294
5.060550329089165
4.847966177016497
4.919236859679222
4.993727318942547
5.118162120133638
5.473541598021984
5.269370513409376
5.156073175370693
5.285528428852558
5.062669970095158
5.262777216732502
4.671277141571045
4.74963948726654
4.619310931861401
4.64422233402729
4.611954090744257
4.624934442341328
4.897906763851642
4.6749625012278555
4.689463384449482
4.8775380156934265
5.419516532868147
5.314186632633209
4.843507836014032
4.973507194221019
4.807072114944458
4.785166414082051
4.8190115377306935
4.702525076270104
4.62015600502491
4.626304001361132
4.5627096481621265
4.622652121633291
4.5726366773247715
4.578013178706169
4.5623467363417145
4.508474846184254
4.57528181374073
4.509010934084654
4.525721237063408
4.567849911004305
4.5812546469271185
4.74742009267211
4.934586407244206
5.037559873610735
4.777537102997303
5.013085161149502
4.805487539619207
4.648044043034315
4.542505753040314
4.615032576024532
4.674334292113781
4.951651544123888
4.9232681833207605
4.909257218241692
4.497901365160942
4.533805634826422
4.504383467882872
4.556899311393499
4.699321396648884
4.560104801505804
4.7458147354424
4.5513499565422535
4.613810995221138
4.783473807573318
4.918176903575659
5.056657661497593
4.504547964781523
4.534001505374908
4.6252159051597115
4.6554681554436685
4.472395692020655
4.705788449943066
4.723044916242361
4.472519969940185
4.462510398030281
4.506408291310072
4.609753698855639
4.624353558570147
4.757439979165793
4.673248159140348
4.528542056679726
4.439148964732885
4.437556052207947
4.427149549871683
4.450716049969197
4.443910501897335
4.452340433001519
4.572928766161203
4.719211775064468
4.812726524472237
4.868208289146423
4.585571193695069
4.612604555487633
4.484813343733549
4.574892449378967
4.792178770154715
4.908177568018436
4.800026495754719
4.485134420543909
4.485856264829636
4.4677735164761545
4.445083197206259
4.431738764792681
4.435609187185764
4.468383214622736
4.51187684983015
4.476033367216587
4.588738434016705
4.478391657024622
4.429596421122551
4.294703178852797
4.287037120014429
4.320707673579454
4.372125508636236
4.394734366983175
4.313904689997434
4.453508485108614
4.352105243504047
4.3747151553630825
4.63911929577589
4.469789502024651
4.386910026520491
4.37234180867672
4.345128457248211
4.739975103735924
4.414946699887514
4.671957126259803
5.115223902463913
4.8546990506351
4.604041202366352
4.635817076265812
4.511202764511109
4.594506635516882
4.657648755609989
5.120569497346878
4.825042157620191
4.99653123319149
4.726923634111881
4.6841666713356975
4.920078550279141
4.830307956039905
4.684966552257538
4.591268903762102
5.326728450506925
5.1066229365766045
5.156754818558693
4.835102102160453
4.840277691185475
5.210095690190792
4.548580528050661
4.640838187932968
5.045361047983169
5.0881699092686175
4.88212867230177
4.5371982380747795
5.023423212021589
4.562722437083721
4.61428115144372
4.698415171355009
4.506378170847893
4.499484182149172
4.37637907192111
4.315377894043922
4.312591490149498
4.307780303806067
4.3142312981188295
4.3831514656543735
4.276627698540688
4.26441317871213
4.316662635654211
4.285723734647036
4.264770702272654
4.262032216787338
4.299894288182259
4.387719180434942
4.354932628571987
4.280214700847864
4.281646955758333
4.273870921134948
4.321683099120856
4.279021166265011
4.30783420279622
4.393943846970797
4.322048868238926
4.24628548771143
4.241539747267962
4.220817611366511
4.2407748475670815
4.319927617162466
4.2815575011074545
4.249583400040865
4.208140250295401
4.222987940907478
4.205416414141655
4.254310693591833
4.275359743833542
4.308656129986048
4.382342245429754
4.45086692944169
4.284312327951193
4.225254476815462
4.207597199827433
4.22105581536889
4.209994656592608
4.210137189179659
4.216423816233873
4.208336599171162
4.202038507908583
4.2158580385148525
4.214061313867569
4.328553336858749
4.320476036518812
4.3136859752237795
4.320884077996015
4.344137090444565
4.356299919635058
4.310999500751495
4.3068227648735045
4.310562735795974
4.3315507307648655
4.329437582939863
4.4009372286498545
4.457890948653221
4.32160222530365
4.321559318900109
4.337532295286655
4.33134353980422
4.3185814917087555
4.318852234631777
4.320565078407526
4.284394075721503
4.308579617738724
4.321583922952414
4.307417503744364
4.314321203529834
4.35011368021369
4.350122939050197
4.336805373430252
4.338436268270016
4.349725607782602
4.35591311827302
4.411592476069927
4.370813559740782
4.488692090660334
4.53425890430808
4.715708641707897
4.657639371603727
4.936951107531786
4.737513764947653
4.786085570603609
4.766713885962963
4.790898252278566
4.64973251670599
4.488927173614502
4.5805160805583
4.662547557801008
4.797450897842646
4.697149877995253
4.589744462072849
4.543628776073456
4.431615021079779
4.451568061858415
4.469980581849813
4.6024707660079
4.583031241595745
4.57216660529375
4.445158814638853
4.3956322111189365
4.333205968141556
4.3174501106143
4.302206986397505
4.319231618195772
4.405966918170452
4.430520009994507
4.442601438611746
4.440217530727386
4.369515541195869
4.341384115070104
4.298280218243599
4.354981806129217
4.388069456070662
4.393998399376869
4.35218370705843
4.348621130734682
4.3126370690763
4.332136812061071
4.382239107042551
4.459754008799791
4.438998275250197
4.459012289345265
4.421554353833199
4.499829818308354
4.502505878359079
4.555785703659057
4.554966358095408
4.570426549762487
4.631260918825864
4.833371218293905
4.778807964920998
4.833261430263519
4.734793256223202
4.7837468139827255
4.897171147912741
4.850640945881605
4.854136480391025
4.966934038698673
5.120789093524218
5.073117543011904
5.02753659337759
4.864493724703789
4.728625117987394
4.7193153843283655
4.821146069467067
4.95788404494524
4.9750621423125265
4.928346984088421
4.717427933216095
4.807801746577025
4.736561252176761
4.936179120838642
4.776435900479555
4.727919891476631
4.890493665635586
5.099927844852209
5.016297517716884
4.959794265031815
5.006847307831049
4.870723901689052
5.103928428888321
4.979130867123604
5.02228544652462
4.900680363178253
4.716318944841623
4.708606503903866
4.595478516072035
4.615422440320254
4.5509544156491755
4.468407897651195
4.449796894192696
4.522644359618425
4.648504358530045
4.49837616160512
4.467069686204195
4.413508196175099
4.401458714902401
4.435576962679624
4.463633545488119
4.548549091070891
4.52989816442132
4.5588156372308735
4.634011474251747
4.5685815662145615
4.437394131720066
4.452788067609072
4.483766220510006
4.488276203721762
4.475304871052503
4.490596755594015
4.41766757145524
4.470427165925503
4.481491260230541
4.456714554131031
4.428550938516855
4.430054286122322
4.422908878326416
4.468683396279812
4.513049235194922
4.45766571611166
4.5065323241055015
4.509215205162763
4.436052587628365
4.517758407443762
4.554419288039208
4.4883847191929815
4.4718938112258915
4.532018771767616
4.517328341305256
4.516208647936582
4.441779156774283
4.4682923153042795
4.4614934794604775
4.57559942305088
4.613701113313437
4.647196807712317
4.623267190903425
4.702862202376127
4.658104953914881
4.610043443739414
4.609163161367178
4.610031501948834
4.5959736995399
4.522700785845518
4.493269836157561
4.517595494538545
4.475765994936228
4.427206963300705
4.46036317422986
4.510579741001129
4.496699693799019
4.5012348346412185
4.462540825456381
4.478572841733694
4.463549134880305
4.480498955398798
4.489116683602333
4.499913334846497
4.5139091856777664
4.455701452493668
4.424016384035349
4.387779745459556
4.59723099693656
4.5731779091060165
4.552756728976965
4.524937113374472
4.552143850922585
4.543978101015091
4.552026069909334
4.493472003936768
4.52423705086112
4.555761004984379
4.519626550376415
4.564145601540804
4.655090215057134
4.620371805876493
4.595566073805093
4.6052912548184395
4.636224189400673
4.607781280577183
4.667341183125973
4.632716422528029
4.622455590963364
4.583507061004639
4.576856437325477
4.609483768045902
4.585560008883476
4.576960822194815
4.5726076401770115
4.585131841152906
4.622713725268841
4.576674806326627
4.591198024898768
4.602712177485228
4.5620762556791306
4.521975629031658
4.4837428197264675
4.4545759707689285
4.441711317747831
4.420882752537727
4.431410440057516
4.458802349120378
4.447587009519339
4.429902365058661
4.427834113687277
4.450715932995081
4.420087425410747
4.455942925810814
4.432439478486776
4.439481183886528
4.414699655771256
4.432627306133509
4.4401539519429205
4.454485317319632
4.483807796984911
4.494914730638266
4.487784263491631
4.465475472807884
4.415225271135569
4.427887800335884
4.441099992394447
4.453962875902652
4.477201008051634
4.476860719174146
4.531975840777159
4.530210764706135
4.570504203438759
4.597205828130245
4.517562852799893
4.531565793603659
4.527952127158642
4.537513894587756
4.547128546237945
4.529436670988798
4.537037231773138
4.505160677433014
4.503278470039367
4.535559923946858
4.521602881699801
4.521162488311529
4.520940573513508
4.505867686122656
4.508767242729664
4.536554837971925
4.5437412045896055
4.58179524987936
4.547432519495487
4.565396799147129
4.56719933450222
4.54328963086009
4.558202113956213
4.539563263207674
4.5515883073210714
4.574581378698349
4.555775175243616
4.525568380206823
4.530909997224808
4.560262076556683
4.551623165607452
4.549131156504155
4.557647214829922
4.524361202120781
4.4105615697801115
4.376325473934412
4.419311609864235
4.439257740974426
4.4403287000954155
4.422034706175327
4.4351172432303425
4.447409744560718
4.42628103196621
4.434732615947723
4.424217434972524
4.432455300539732
4.43103471621871
4.407274249941111
4.419844224303961
4.426510472595692
4.450539285689592
4.473234915733338
4.490221441537142
4.478396293520928
4.482161156833172
4.487760619074106
4.449709095805884
4.469908028841019
4.484218832105398
4.465207811444998
4.457050302624703
4.467271222174167
4.448134912550449
4.449070528894663
4.437216836214065
4.458736626803875
4.450769938528538
4.450595092773438
4.4369579836726185
4.458699008822441
4.444497237354517
4.461687677353621
4.47225687801838
4.4656246334314345
4.4529949657619
4.445904997736216
4.469267435371876
4.480139765143394
4.463156083971262
4.4672113612294195
4.481380478292704
4.489276326447725
4.449717652797699
4.441613966226578
4.452074356377125
4.421916429698467
4.4563880153000355
4.46586624160409
4.464149077981711
4.448853342980146
4.418264375627041
4.407571549713611
4.410480083525181
4.395115148276091
4.402868212759495
4.408632917702198
4.39104218184948
4.399835938960313
4.411419163644314
4.40288799032569
4.386616940051317
4.403668492287397
4.3995447099208835
4.4325979724526405
4.41363760009408
4.421965356916189
4.436368153244257
4.456317035853862
4.448011310398579
4.454283000528813
4.455465468764305
4.454010586440563
4.477897150814533
4.475971275568009
4.458854642510414
4.450234324485064
4.4495572477579115
4.451572714000941
4.427395913004875
4.43402683660388
4.448404651135206
4.440753077715636
4.4472037017345425
4.434775725752115
4.441984134912491
4.4789241895079615
4.478093489259481
4.472705414146185
4.470077162981033
4.4594163537025455
4.479330129176378
4.4849509768188
4.470442009717226
4.469705794006586
4.571154101938009
4.578695429861545
4.570327332615852
4.563270404189825
4.578555304557085
4.565853837877512
4.5272320814430715
4.528988508135081
4.541557531058788
4.569377887248993
4.567270787060261
4.566363260149956
4.566090147197246
4.558498540520668
4.535930165648461
4.533668964356184
4.52881370857358
4.500028809905052
4.522233155369759
4.5317773066461084
4.549348428845406
4.543795274198056
4.542116846889257
4.544207788258791
4.5232384383678435
4.53154685869813
4.5036284573376175
4.545226539671421
4.540595392882824
4.566408225893975
4.536663194000721
4.5343752428889275
4.551832029223442
4.546893359720707
4.5263291001319885
4.5427782468497755
4.53540251776576
4.542292942851782
4.563540349900722
4.566378492861986
4.536790050566196
4.531228367984295
4.547671677172184
4.5471016526222225
4.554847428947687
4.550961454957724
4.562981159240008
4.563899877667427
4.577447452396155
4.550522232055664
4.565521302074194
4.5669412285089495
4.60035732164979
4.58436367213726
4.563207332789898
4.56901718005538
4.570145464688539
4.570474348962307
4.57321730107069
4.5551891319453715
4.593306081742048
4.605315507948399
4.573440827429295
4.564933336526155
4.562045668065548
4.5513649009168144
4.584817814826965
4.595675029605627
4.580509290099144
4.58178588449955
4.5747795209288595
4.569743213802576
4.572544550895691
4.557016994804144
4.574450277537108
4.5405258618295194
4.547393216192722
4.562723153829575
4.560768347233534
4.5605689391493796
4.548530545830727
4.546824678778648
4.558067460358143
4.555013004690409
4.567098117619753
4.561060021072626
4.552641203254462
4.554171527177095
4.542061214148998
4.547802025824785
4.560269854962826
4.545079497247935
4.548894180357456
4.564737426489591
4.5586957961320875
4.565386284142733
4.55758310854435
4.582226093113422
4.5619356945157055
4.549749323725701
4.475182127952576
4.457042427361012
4.475754347443581
4.4809481218457226
4.492726426571608
4.4562089122831825
4.471503572911024
4.469500005245209
4.471993499994278
4.454487187415362
4.491013293713332
4.462289275974035
4.461742928624153
4.4781036920845505
4.4501317627727985
4.482947390526533
4.47060331851244
4.498205830156803
4.489532282203436
4.463306820392608
4.479851199686527
4.469530001282692
4.46511006206274
4.488738109171391
4.49343580827117
4.495048391819
4.486871661990881
4.503202824294567
4.494059868901968
4.489279103279114
4.47574647217989
4.489730311185122
4.468487787246704
4.471254976093769
4.494169075787068
4.463071996718645
4.491424236446619
4.477404468506575
4.4876369938254355
4.464121951162815
4.490604065358639
4.4857845194637775
4.4753516130149364
4.479492247104645
4.45982613414526
4.467996226251126
4.466171105206013
4.493086887896061
4.480776853859425
4.482895302027464
4.472433039546013
4.477359725534916
4.4788674466311935
4.463768431544304
4.491228359937668
4.488156646490097
4.465535695105791
4.46734004765749
4.472282636165619
4.491537401825189
4.483657172322273
4.470021002739668
4.476673350483179
4.456219423562288
4.480931887030602
4.465906894952059
4.470165014266968
4.4728152945637705
4.4823076412081715
4.461990739405155
4.4897184982895855
4.467637441307306
4.47346488982439
4.481343310326338
4.465056712180376
4.476371512562037
4.481817869096995
4.469008245319128
4.477021830528974
4.479291038960218
4.487379579246044
4.485415942966938
4.482773307710886
4.475862523913383
4.469139458239079
4.4854529343545435
4.471515673398971
4.488431040197611
4.4871316708624365
4.467414146661758
4.475194197893143
4.489464721828699
4.479756381362677
4.485147432982922
4.48036504611373
4.475707451254129
4.461187210679054
4.457064095139503
4.481240658462047
4.489299556612968
4.4111369423568245
4.430672356486321
4.427336148172617
4.419416037201882
4.410706487298012
4.41734961271286
4.429183772206306
4.4336440823972225
4.441783334314823
4.4224230326712135
4.428293529897928
4.436647618561983
4.423261738568544
4.444634162634611
4.4350164867937565
4.4304702743887905
4.4135126829147335
4.421956653892994
4.424855803698302
4.411564402282238
4.407143141329288
4.411374536901713
4.425933918356895
4.416595487296581
4.4130391627550125
4.412833502888679
4.4037135824561116
4.429556892812252
4.410614634305238
4.413254259526729
4.411406821757555
4.422089286893606
4.419144671410322
4.417807824909687
4.419281747937203
4.420675794780254
4.41836302652955
4.407778625935316
4.408248148858547
4.422074110805989
4.407488340139389
4.420519943535328
4.418698551505804
4.4208654999732975
4.425928159803152
4.418755660206079
4.437943191081286
4.431103115528822
4.427349934726953
4.415432683378458
4.423144776374102
4.427696954458952
4.4171224877238275
4.427782774716616
4.421695121377707
4.428013546019793
4.4263090789318085
4.422522034496069
4.421071258932352
4.402935741841793
4.408165540546179
4.407198537141085
4.412216032296419
4.421515321731567
4.422346526384354
4.428681178390979
4.427757964283228
4.421581449359655
4.43436336517334
4.429896429926157
4.416550558060408
4.4237467989325525
4.425843664258719
4.434440685063601
4.416653590649366
4.411151961237192
4.395333237200975
4.4191739216446875
4.422027823328972
4.418236042559147
4.4247273780405525
4.408395541459322
4.421314431726932
4.416320248693228
4.41703728735447
4.415976442396641
4.419951542466879
4.411866886913776
4.425066331773996
4.421011783927679
4.4185271739959715
4.417712360620499
4.417655951529741
4.4063830628991125
4.4116664253175255
4.410456158220768
4.4201098993420604
4.42685868293047
4.408920981734991
4.41393731161952
4.499426715821028
4.495634435862303
4.499121793359518
4.489392904937267
4.499600204825401
4.497595405578613
4.474838288873434
4.480183782428503
4.484464410692453
4.474366480112076
4.472628881037235
4.483998209983111
4.4653553634881975
4.46583986133337
4.476963778585196
4.47666021361947
4.468319188058376
4.475939797610044
4.473004928231239
4.474039754271507
4.485755801200867
4.484893289953471
4.480636667460203
4.483220190554857
4.48999293744564
4.4742639228701595
4.487731958180666
4.472198162972927
4.476665785908699
4.491707276552916
4.48112543001771
4.477885059267282
4.476422455906868
4.477057284116745
4.482687302678824
4.471310682594776
4.476769254356623
4.483031161129475
4.478062318265438
4.481365927308798
4.495914548635483
4.476239604502917
4.489082381874323
4.46726370677352
4.484429642558098
4.485984253138303
4.4914141587913035
4.482005025446415
4.487649143487215
4.477493523061275
4.468019098043442
4.476198720932007
4.4840167529881
4.478232355415821
4.485110220313072
4.478689259290695
4.494000800698996
4.491825041174889
4.482874047011137
4.457764819264412
4.479204569756985
4.475349768996239
4.47700118124485
4.476151333749295
4.483081609755755
4.485975436121225
4.484195819497108
4.4789649233222
4.486298757791519
4.482237908989191
4.484351526945829
4.472896036505699
4.482111981511116
4.466237424314022
4.481717037409544
4.467580318450928
4.468592470139265
4.467567624151707
4.473949664831162
4.481359169632197
4.4726056911051275
4.48371010646224
4.474108761548996
4.479977709054947
4.483434063196182
4.476690094918013
4.479588144272566
4.4688030950725075
4.475246185064316
4.465200168639422
4.468517092615366
4.462058565765619
4.464036025851965
4.461614424735307
4.469550047069788
4.465584300458431
4.477182095497847
4.4669648937880995
4.468389828503132
4.463467802852392
4.489522165060043
4.491647637635469
4.476606600731611
4.499634478241205
4.484863257408142
4.471981704235077
4.481880179047584
4.478016602993011
4.48234619051218
4.476535725593567
4.477659557759762
4.4746229641139506
4.481968474388123
4.484398213028908
4.482555958628654
4.4885162025690075
4.477181416749954
4.487342014163732
4.473651842772961
4.485901936888695
4.489579386264086
4.4882656842470166
4.492663521319628
4.481000906229019
4.486128841340542
4.481418347358703
4.462851798534393
4.483966552466154
4.462684989720583
4.486438766121864
4.475654803961516
4.478504320979118
4.478665461391211
4.47208644002676
4.474676065891981
4.472730655968189
4.470683457702398
4.473582524061203
4.471419032663107
4.478126081079244
4.4929404623806475
4.467857828736305
4.475914668291807
4.480828534066677
4.480927277356386
4.472846188396216
4.487810396403074
4.477970591932535
4.489010369032622
4.478884544223547
4.490909536927939
4.47049420401454
4.4923353098332885
4.476758935302496
4.494262824207544
4.492399663478136
4.488971622288227
4.487045269459486
4.489034957438707
4.479785256832838
4.472138777375221
4.465991605073214
4.488623620569706
4.482366330176592
4.478496253490448
4.47338989675045
4.4853467784821985
4.481621171534061
4.481714738160372
4.476058556884527
4.486227202415466
4.480670180171728
4.489896918088197
4.484563370049
4.490992336720228
4.485641335695982
4.466183169931173
4.480838042497635
4.489329812675715
4.489228826761246
4.474325086176395
4.479538614302873
4.48676388040185
4.469487348943948
4.48681607991457
4.485892022401094
4.482489047199488
4.472005664557218
4.480050276219845
4.490292126685381
4.496559043973685
4.482629065215588
4.4898662135005
4.47385066524148
4.472779804468155
4.482990035414696
4.469911756366491
4.470853053033352
4.475902099907398
