1.940009944140911
1.7406085930764674
1.6803604897111655
1.5807873085141182
1.660401276499033
1.5131441306322813
1.2554561775177717
1.4395286202430726
2.209065167233348
1.1061066947877407
1.2949664052575827
1.36446454487741
1.2066233087331057
1.323563827946782
1.4072975300252437
1.0533753585070371
1.2233254443854094
1.5158282317221166
1.5434931509196759
0.9424056619405746
1.4408025618642568
1.406840094923973
0.9538364391773939
1.2174715142697097
1.8049439121037723
1.2536343842744828
1.1085425272583962
1.0831845458596945
0.9552767906337977
1.4641994047909974
0.9573855243623257
0.9202106844633817
0.9104690503329038
1.2630499552935361
0.9325007554143667
1.0825617216527461
1.294142696261406
1.0452965825796128
0.928736473992467
0.8950316645205021
0.906259299069643
1.0202908672392368
0.9746532659977675
0.8990790009498596
0.9204997826367617
0.8646033190190792
0.8568297080695629
0.8813398297876119
0.8721509117633104
0.8211652901023626
0.9108582835644483
0.9931554216891527
1.0403383821249008
0.8042403351515531
1.472529187425971
0.8727407995611429
1.0587255410850047
1.2665430892258882
0.8609065219759942
1.1668164741247893
0.8559447780251503
0.9296280570328236
0.8060905717313289
0.9335090905427933
0.8733289584517478
0.8223452523350716
0.9320976253598928
0.820304000377655
0.7912349350750446
0.7979832146316767
1.0163686376065015
0.8329817902296781
0.9807479176670313
0.9253044176846743
0.8529326424002648
0.8406469013541937
0.792565081641078
0.8088931690901517
0.9043719746172428
0.8702009275555611
0.8146753124892712
0.8968070264905691
0.8286775473505259
0.8338622000068426
0.8094046272337436
0.8869916323572398
0.8367674767971038
0.8813773028552532
0.8527313254773616
0.9194934956729413
0.9042336486279965
0.8864447087049484
0.7980292204767465
0.8685169126838446
0.8073120977729559
0.8573964480310678
0.8368090055882931
0.8716324184089899
0.8703180495649576
0.9596264895051718
1.1938482452183963
1.8892160948365926
2.5564045453444124
1.3986118838191033
1.476380943879485
1.2570723401382566
2.1654977787286045
1.8195635357871651
1.9718082739040255
0.9339023046195507
1.3065533824265003
1.1113167837262155
2.547353628091514
2.0590800581499935
2.4234455421566965
1.6269160062074661
1.818768561631441
1.029926455579698
1.6249355487525463
0.8717215789481998
1.802709949016571
1.3805638533085585
1.293991307914257
0.9655933825299143
2.3435722751542927
1.3561258992180227
1.528252818621695
1.1380913546308875
1.8168416989967227
1.3843725863844156
1.3605633717030288
1.7687514241784812
0.9075560824945569
1.384817149490118
0.7600787490606308
0.9955995367839933
1.8119882168248296
2.307611616514623
1.2435686726123094
1.7508284732699395
2.166709277406335
1.1706231527030468
1.9134861754253507
1.4327249232679606
1.434366273134947
1.9315610649064183
1.5557974517345428
1.1185997143387794
1.2306244477629662
1.3164714040234684
1.2146328626200558
3.798570010997355
1.182191964238882
0.9894565686583519
0.9470329588279128
1.583533270843327
1.9597897484898568
2.3924965038895607
1.0639826521277427
1.9206455912441016
1.5807367064058782
2.2914417246356606
2.435024724714458
1.6990677475929261
1.7512404147535563
1.8609215198084712
1.9574047721922399
3.277218697220087
2.946901385486126
1.6658532278612257
1.1914883522316813
0.810313581302762
1.3232843294739722
1.11483608558774
1.532034851424396
2.0911204859614374
2.6551057122647763
2.5811746556311848
1.3581348745152355
0.9176278876140713
1.2639453085139394
1.2422152938321234
0.8351851414889098
1.4978025808930397
1.4595421463251115
1.5874846886843443
1.302182848751545
1.0801803095266223
1.052726629562676
1.4586990540847182
1.1917048482224346
1.2639773098751903
1.0351702807471157
1.2459373384714127
1.0756611585617066
0.8504703875631094
1.0823295766487717
0.974011711589992
1.1520888904109596
1.0440566750243305
0.8218419853597879
1.091688440181315
1.1614233547821642
0.7838160874322057
1.2057933514937758
1.1336129000410438
1.917745685391128
1.7357443571090698
3.6920207472518087
2.0428036395460367
1.3842703718692064
1.1203769547864795
1.5550835596397519
2.5173943554982543
1.334489020332694
1.073926724307239
0.8879650689661502
0.9299359751865268
0.9024428993463516
1.5180746503174305
1.6237624879926442
1.778236302919686
1.9515419647097587
1.525057204067707
1.758314743451774
1.620793785341084
1.660947600007057
1.7490614425390958
1.5176241694018244
2.5447187969461083
1.1908278111368418
1.6885005041956902
1.1295788478106261
1.4129232730716468
1.4376808907836676
2.061145893111825
1.4174501989036798
1.7791646426543593
1.803575988486409
1.7083750870078802
1.2046458207070827
1.0186501113697886
1.0417231490835548
1.2666052341461183
1.2829215442761779
0.9961902907118201
0.8651509618386626
1.019669844955206
1.185387552715838
1.049604514427483
1.4688872316852213
1.093289710395038
1.199626505561173
1.2887065123766661
1.2747217118740082
1.1900243559852242
0.98339534830302
0.9295067396014929
1.0604621885344385
1.3787285760045052
0.9187131596729159
0.8137663444504142
0.9189768483862281
1.529831880517304
1.526809694059193
1.5269243592396378
1.0666591502726077
1.3052206000313162
0.9173288270831108
0.9998835487291217
0.8215496480464936
1.6335503727197647
2.071591103635728
1.408695270307362
1.4537415094673634
1.4790931034833192
1.4264911588281393
1.327039916627109
2.305177244544029
1.6665815494954586
1.997117656841874
1.127919625863433
1.2839710883796216
1.422914001531899
1.6395557221025228
1.6883144188672303
1.6710697788745166
1.9451892897486687
1.6217143636196851
1.6927618972957135
1.5669386906549334
1.526714844070375
1.685641753487289
1.6084947589784861
1.8764373058453203
1.8501140587031841
2.064791510812938
1.5533248949795961
1.094007064960897
1.0793685294687747
1.0937195321545006
0.990405261144042
0.848320321366191
1.1962199738249182
1.1187879744917155
0.8508519664406776
0.9306864680722355
0.955344850383699
0.8004690101370215
0.8503453947603703
0.8683282187208533
0.9940201407298446
1.1918814497068524
1.3694268910214304
1.2583844561129809
0.9199511056765914
0.905634145066142
0.867019372433424
1.1668922716751695
1.1060684816911817
1.1744268698617817
1.4938771484419704
1.2769099600613116
1.2920372255146504
1.0604207808151842
0.997086718864739
0.9893313281238079
1.186386625468731
1.5290059085935355
1.5413274766877294
1.3232551639899612
1.1468955708667636
1.1147177876904606
1.5500243684276938
1.5484448730945588
0.8929292073473334
0.9994123173877597
1.2613057298585773
1.6929469555616379
1.255464919656515
1.0438906798139214
1.2653081821277739
1.0543524662032724
1.036705818027258
0.9149679748341442
0.8895645877346396
1.2501175165176392
1.1224495489150286
0.8943997284397482
1.1356787402182817
1.079809905961156
0.8576101193204522
0.930980721861124
0.9309743041172623
1.1888484125956893
1.2504324022680522
1.1020146703347564
0.7996723698452115
0.8016240578144789
0.7569165883585811
0.9055916219949722
0.9671171812340618
1.0008657393977045
1.080496589653194
1.2418972712010146
0.9907755536958576
0.8742021771147848
0.7411446524783969
0.738791866786778
0.9968879245221615
0.8955437835305929
1.1486763313412667
0.9454433092847466
1.0137209057807923
0.9687178567051887
0.9201582979410887
0.9600550260394811
1.0454501397907734
0.9765385612845421
1.1225844878703355
1.0322777412831783
0.975387811474502
1.0454484982416035
1.2506152452901005
1.1599255617707969
1.0479590320959686
0.8728167863562704
0.8703645514324307
0.9570431504398584
1.0654674272984266
1.0366854414343833
0.953878215700388
1.016521605849266
0.7129120733588934
0.7836631992831826
0.7206293608993292
0.8049570938572288
0.7947482887655497
0.8327131697908043
0.7842492742463947
0.8770771097391844
0.7741797653958201
0.9214666053652764
0.720167419500649
0.7310850324109197
0.7221311723813415
0.7588347176089882
0.8038783075287939
0.8414909606799483
0.7331627488136292
0.7124029716476799
0.8252234317362308
0.7406590130180121
0.7230002384632825
0.7687080726027489
0.6920933559536934
0.6790426965802908
0.7900915332138538
0.7873071618378162
0.6609187755733729
0.7711280392482877
0.6449564661830663
0.7597822835668921
0.8502773154526949
0.8587745001539588
0.8036643637344241
0.7898490339517593
0.6991388155147433
0.6583394723013043
0.7620524924248457
0.7902024269104004
0.7716479629278183
0.7747562263160944
0.9274293541908264
0.7643882058560848
0.66966144554317
0.6905566692352295
0.6481186920776963
0.6766277018934488
0.6627171104773879
0.6298835854977369
0.6248187106102705
0.6195089152082801
0.7070681016892195
0.6999256329610943
0.7343246718868613
0.717203826457262
0.8163557609543204
0.8674902187660336
0.9208874475210905
0.7561425423249603
0.8854662140831351
1.0207801831886172
0.8807391870766879
0.836613355576992
0.7010945811867714
0.7290523534640669
0.7955317758023739
0.699244255386293
0.6861962946131825
0.6856716854497791
0.7220409313216806
0.7339486228302121
0.6173030190169811
0.6266802741214633
0.6603820484131575
0.6659690173342824
0.6695670429617167
0.7508162278681993
0.7245819859206677
0.7216378320008516
0.8071257246658206
0.814035931788385
0.7947574520483613
0.863008551299572
0.9035662319511175
0.9636343730613589
0.9762104948982596
1.0058923872187733
1.0266437197104097
0.8548124387860299
0.9695953913033009
1.0054059205576777
0.9821229049935937
1.0376076020300389
1.1332038078457116
1.1920697093009949
1.2076341107487678
1.1392416125163436
1.0153892271220684
0.8618608640506864
0.9454557906836272
0.955254734121263
1.1200248368084431
1.0849297041073442
1.1124735752120614
0.9147922109812499
0.9182666109874844
0.9554826650768519
1.0402851844206453
0.9974087612703443
1.009912797808647
1.0213700925931335
0.9959625605493784
0.8762766035273671
0.8483293576166033
0.809458883292973
0.8587784036993981
0.827720414288342
0.9197166550904512
0.9036368591710925
0.8701356856152416
0.9382096190005541
0.7540412338450551
0.7029038704931736
0.6642403231933713
0.6551675541326404
0.6110121317207813
0.6111911138519645
0.616123023070395
0.6549239428713918
0.6922312114387751
0.6785058531910181
0.7171319682151079
0.7187037121504545
0.720471290126443
0.740499471873045
0.7531091326847672
0.734904951415956
0.7898220252245665
0.740241495706141
0.8180141413584352
0.8625810718163848
0.9053807944059372
0.8759729688987136
0.8273787135258317
0.8430666536092758
0.9338670011609793
0.7662994470447302
0.8200979454442858
0.856197446398437
0.7932088159024715
0.7483905661851168
0.8731842529028654
0.927480453811586
0.8353096421808004
0.7908697700127959
0.7744878089055419
0.7531473247334362
0.7519560728222132
0.7715540086850524
0.8460493912920356
0.8060609044507145
0.7442068230360747
0.7759258858859539
0.715046096406877
0.7720660915598273
0.750825291313231
0.797167019918561
0.8961532047018409
0.8703965358436108
0.8208280965685845
0.7842803470790386
0.8596177652478219
0.8082260612398386
0.7959411561489105
0.8005110090598464
0.8078185284510255
0.8463304357603192
0.8904424061998725
0.8138105480000377
0.7728231405839324
0.7718189653009176
0.7858327200636268
0.7790802229195833
0.9010444832965732
0.8600214958190918
0.8983265733346343
0.8909875774756074
0.8094414355233311
0.7780790697783232
0.7797922758385539
0.8776553831994534
0.9123837472870946
0.9248523157089948
0.8048099271953106
0.7768650880083442
0.7991923753172159
0.8226216683164239
0.8486955355852842
0.8689758282154798
0.8253998972475529
0.7614529363811016
0.8071146324276924
0.8428358998149633
0.8509949322789907
0.8698713375255466
0.8287501526996494
0.812971581146121
0.7962374109774828
0.7885735532268882
0.7538040364161134
0.7170857289806009
0.6704535599797964
0.6592757292091846
0.6349190447479487
0.6277441721409559
0.6467413967475295
0.6537371641024947
0.6565923098474741
0.6622758897021412
0.682572946511209
0.677464516274631
0.6425504108890892
0.6615115681663155
0.6681456683203578
0.732735563069582
0.6996863264590502
0.6850746210664511
0.708767008408904
0.6661435611546039
0.6577671110630036
0.6573276961222291
0.6480436854064464
0.6499556647613645
0.6514409115538001
0.6544067282229662
0.6623525766655802
0.6637713747099042
0.6665908122435212
0.6684046171605587
0.6443768518045545
0.6621534913778305
0.6614242158830166
0.6417535124346614
0.6441208140924573
0.6569375181570649
0.6608166348189115
0.6580141525715589
0.6614431871101261
0.6662359425798059
0.6776488667353988
0.6836222125217318
0.6608775045722723
0.6521440984681248
0.6521990587934852
0.6561941146850586
0.6937508234754205
0.6745669530704618
0.6654837183654309
0.6469185974448919
0.6419722443446517
0.6468610854819417
0.6509494669735432
0.6462242906913161
0.6605568613857031
0.654047136195004
0.6553177822381258
0.6633020566776395
0.6518005035817623
0.6612281957641244
0.6624708471819758
0.6719100959599018
0.6569446995854378
0.6579419376328588
0.6397550154477358
0.6435239283367992
0.6568798495456576
0.6507043400779366
0.6616919355466961
0.6570485334843397
0.6904479684308171
0.6934118023142218
0.6598228495568037
0.661320561170578
0.6608940679579973
0.6654132675379515
0.6731920080259443
0.6772826770320535
0.6732504449784755
0.6560556558892131
0.6527749165892601
0.674634320475161
0.7018594494089484
0.7291501924395561
0.7128202049061656
0.7158310659229755
0.6845234913751483
0.6661305794492364
0.6605532908812165
0.6536764010787011
0.6584437541663647
0.6549672299996019
0.6480038465932012
0.6492589147761464
0.6608584694564342
0.6612765884026885
0.6708101354539394
0.6582346154376865
0.6621606880798936
0.6619976900517941
0.7021827191114426
0.6991931527853013
0.7111404377967119
0.7151736371219158
0.693676627986133
0.7064103372395039
0.7012985398992896
0.7005864042788744
0.7046956051141023
0.7075109530240298
0.7230494813993573
0.7208885228261351
0.713326483219862
0.7126218277961016
0.7205499878153205
0.7115136535838247
0.7081562396138906
0.6964599989354611
0.7145125167444348
0.7244498122483491
0.7719676628708839
0.7793056432157754
0.7612540462985635
0.765157843567431
0.7535196082666517
0.7548141140490771
0.7480947649106383
0.7650366686284542
0.7498118733987212
0.7463359458371996
0.7766799807548523
0.7847348900511861
0.7883701737970114
0.7864881310611963
0.7913683881983161
0.7816934151574969
0.7801844198256731
0.7809253595769405
0.7867660166695714
0.7790989721193909
0.7872120920568705
0.7673191579058767
0.7550062874332071
0.7385581640526653
0.7346209989860654
0.7273647001013159
0.748597452789545
0.7519885253161191
0.7264283278957009
0.7190097939223051
0.7279881512746215
0.7263354247435927
0.7577338922768831
0.7511925492435694
0.7551804263144731
0.7733957644551992
0.7795681005343795
0.8046669578179717
0.7917067954316735
0.771624738164246
0.7632431637495756
0.7655349871143698
0.7476800238713622
0.7488865258172155
0.7560906544327736
0.7716144602745771
0.7607786409556866
0.7709056179970503
0.7943966407328844
0.7717075740918518
0.7567328900098801
0.7599929424002767
0.7532453993335366
0.7483405431732535
0.7539060585200786
0.7582806775346398
0.7535817684605718
0.7747320219874382
0.7887550631538034
0.811248897574842
0.8289941485971213
0.8391790913417936
0.8403665533289313
0.8164508935064078
0.8258940186351538
0.8632629819214344
0.8661850864067674
0.8360928926616907
0.8418985484167933
0.8672958901152015
0.862369891628623
0.8449679238721728
0.8849422954022884
0.8860231360420585
0.9036881040781737
0.8825513800606132
0.8770089169964195
0.8786366540938616
0.8695439826697111
0.888889160938561
0.8782107787206769
0.8748748950660229
0.852162043005228
0.8434029961004853
0.8194050654768944
0.8311036581173539
0.8333436900749802
0.8548206385225058
0.8552079334855079
0.856788445264101
0.855019791983068
0.8396687511354685
0.8293749578297138
0.8476594230160117
0.8537259155884385
0.8366213005036116
0.8302457127720118
0.8148642120882869
0.8047536144033074
0.8100682964548469
0.8310309328138828
0.842123000510037
0.843537306971848
0.8507751360535621
0.8496378665789962
0.834210854023695
0.8312784362584352
0.8259758330881596
0.8271408542990685
0.8222028901800513
0.8107511790469288
0.8021237898617983
0.8040687574073673
0.8201213575899601
0.8290385188534856
0.8276017412543297
0.8136874228715897
0.8165272640064358
0.8156219843775034
0.8189596133306623
0.8329896558076143
0.8351705748587847
0.8332628851756454
0.8390312105417251
0.8340346859768033
0.8285184908658266
0.8261588087305427
0.8296102706342936
0.819921713322401
0.8223032109439373
0.822401231341064
0.8306874364614487
0.8286264015361666
0.8394385604187846
0.8467121230438351
0.8463307371363044
0.8434784594923258
0.8387480990961194
0.840461771003902
0.839708860218525
0.8268060948699713
0.8296271242201328
0.8340634608641266
0.8187576392665505
0.8140051979571581
0.8098951237276196
0.8319567412137985
0.8362129909917713
0.8390616625547409
0.8310142386704683
0.8344712004065513
0.8282677451148629
0.8373047165572644
0.8407442308962345
0.8350359424948692
0.8443337233737112
0.8279122602194547
0.820136277191341
0.8297794988378883
0.836120236851275
0.8337526114657521
0.8343646585941314
0.8433189714327455
0.8502524057403207
0.8585334226489068
0.8577370109036565
0.8613645799458027
0.8573477020487189
0.8754368199035525
0.8635027971118688
0.8581034444272518
0.8544029271230101
0.8695002492517233
0.8856492208316922
0.888440397195518
0.8841294636949897
0.8904136342927813
0.8878242338076234
0.8905535692349076
0.8970965523272753
0.895990888774395
0.895525112003088
0.8930873261764646
0.8809404728934169
0.8741699609905481
0.8717687964439392
0.8790077654644847
0.8650381037965417
0.8622890895232558
0.8589721459895372
0.8575103994458914
0.8581644304096698
0.8613291140645742
0.8479747360572218
0.8567906863987446
0.8483701663091778
0.8530966687947512
0.8517410224303603
0.8587374404072762
0.8540039928629994
0.8515525372698903
0.8423675656318664
0.850163491256535
0.8508247796446085
0.8519496189430356
0.8517410518601537
0.853346811234951
0.8467825394123792
0.8483461083844304
0.8463882049545646
0.8460196049883961
0.8537454657256603
0.8505595609545707
0.8450571961700917
0.8506447991356254
0.8446090234443545
0.8407098749652505
0.8488656263798475
0.8460867319256067
0.851335977576673
0.8523193733766675
0.848460010625422
0.840402802452445
0.8371633009985089
0.8398876639083028
0.850450138002634
0.842720004171133
0.8388767194002866
0.8396426483988761
0.8369108768180012
0.8338219955563545
0.8362948982045054
0.8362684365361929
0.8342219058424234
0.8318496940657496
0.8367556629702448
0.8364389386028052
0.835622320137918
0.8346928041428328
0.8338315695524215
0.8376520877704025
0.8486373884603381
0.8520118996500969
0.8552906485274434
0.8559948964044451
0.8588695192709566
0.8628088366240263
0.8628384103998542
0.8641305346041918
0.862367520481348
0.8583167826756835
0.8510602766647934
0.8569958614185452
0.8532095046713948
0.8561293387785553
0.854164975322783
0.8506884258240461
0.8535064375028014
0.8449136804789305
0.845909502543509
0.8513611095026136
0.8433767795562744
0.8434973141178489
0.8479261141270399
0.8523934779688715
0.8490030836313963
0.8477095782756805
0.8537484522908926
0.854920944198966
0.8496936164796353
0.8510003432631492
0.8519927157089114
0.8524585247039795
0.8505873113870621
0.8510124092921615
0.8521778544411063
0.8514189379289746
0.8512401890009642
0.8504251912236214
0.8509506773203611
0.7912926701828837
0.7912448218092323
0.7908370209857821
0.7874749610200524
0.7833918087184429
0.7873949863016605
0.7890094626694918
0.7870666788890958
0.7841699697077275
0.7828313052654267
0.7849856913089752
0.7798034828156233
0.7841683678328991
0.7924926729872823
0.7927642956376075
0.7930144937708974
0.7929281316697597
0.7928864743560553
0.7935009768232704
0.7940234206616879
0.7926662908867002
0.7935152690857649
0.7948386136442422
0.7941779620945454
0.7893038764595985
0.7952376011759043
0.793116400204599
0.7932488560676575
0.7899006044492125
0.7895963257178664
0.7892953485250473
0.7837435532361269
0.7842085035517812
0.7849038826301694
0.7853811288252472
0.7902366863563657
0.7875567704439164
0.7845909638330341
0.784365170262754
0.7800344238057733
0.7801226314157248
0.7808388387784362
0.7844476910308004
0.785822712816298
0.7835053278133273
0.7828145431354642
0.7815327350050211
0.7833714995533227
0.7802013006061316
0.781967019662261
0.782490224018693
0.7847097774967551
0.7869990170001984
0.7888101460412145
0.7932969361543656
0.7932228326797486
0.7904974117875099
0.7921769473701715
0.7918834166601301
0.7921986430883408
0.7883115166798234
0.7875038407742977
0.7868853628635406
0.785639682225883
0.7876221532002091
0.7876212330535054
0.7879556141793728
0.787660563737154
0.7876807292923331
0.7872740879654885
0.789886736497283
0.7879078429192304
0.7841175867244601
0.786744181625545
0.7856560332700611
0.7853687586262822
0.785678156837821
0.7857318436726928
0.7850214257836342
0.7858329471200705
0.7868028201162816
0.7864625321701169
0.7851194893941283
0.7836870670318603
0.7794963343068957
0.780186153948307
0.7824531571939588
0.780713889747858
0.7810394098982215
0.780303718522191
0.7836933087557554
0.7815286025404931
0.7816008947789669
0.7809932818636298
0.7820602653548121
0.781016899459064
0.7816186882555485
0.7800557373091579
0.781457151658833
0.7795116120949388
0.8406691692769528
0.8387429304420948
0.843601162545383
0.8438891695812345
0.8422459693625569
0.841110778786242
0.8409119453281164
0.8428637696430087
0.8431887527927756
0.8459619333967566
0.8421339398249984
0.842765623703599
0.8419595083221794
0.8414483075961471
0.843715925514698
0.8434324214234948
0.8428390400484205
0.8421131022274494
0.843092942982912
0.8427763000130654
0.843896123021841
0.8413772566244007
0.8431126743555069
0.8450867226347327
0.8431484712287783
0.8440051628276706
0.8435702010989189
0.8437379758805037
0.8445983057841658
0.8438572723418474
0.8445386247709393
0.8463746169582009
0.8440411660820246
0.8476682238280773
0.8456977976486086
0.8439322642982006
0.8424850545823575
0.8418967524543405
0.8429831899702549
0.8451291372999549
0.8461673298850656
0.8463469607755542
0.8487172970548272
0.8475490583106875
0.8460544997826218
0.8452857742086053
0.8439558368176222
0.8418450498953461
0.8407466445118189
0.8426424397155643
0.8426662415266037
0.8428764548152685
0.841468725539744
0.8417685911059379
0.8423410719260573
0.8430001091212034
0.8428886536508798
0.8443011090159416
0.8436835745349527
0.8428576050326229
0.8432986026629805
0.8418653592467308
0.843754355981946
0.842058333568275
0.8425593232735992
0.8420071359723806
0.8424810148775578
0.8440881069749594
0.8425928259268403
0.8424671126529575
0.8432008078321814
0.8424038665369153
0.8429629730060697
0.8425515737384558
0.843511863052845
0.8446815909817815
0.8430894281715154
0.843655227124691
0.8422975011169911
0.8429029190912842
0.8435599012300372
0.842579522356391
0.8441389480605721
0.8449109276756644
0.843665717728436
0.8429789699614048
0.8421962855383753
0.8431198682636023
0.8461482658982277
0.8449973294511437
0.8449288696050644
0.8444572107866406
0.844574991799891
0.8446720965206623
0.8437348484992981
0.8430128986015916
0.8439686203375458
0.8447315787896514
0.8443640714511276
0.8433873819187283
0.7877417711541057
0.7872063100337983
0.7885883862152696
0.7870337521657348
0.7876702083274723
0.7873434940353036
0.7854560930281878
0.785746106877923
0.7873162975534796
0.7872243527323007
0.7876276511698961
0.7855254374444485
0.7877188943326473
0.7876046108081937
0.7875665491446853
0.7868367100134492
0.7872800940647722
0.7879611689597368
0.7877698497846722
0.7873379364609718
0.7878881258890033
0.7881941987201572
0.78846386205405
0.787820628657937
0.7887214202433824
0.7873674431815744
0.7869825657457113
0.7871303731575608
0.786659431643784
0.7872806441038847
0.7873945247381926
0.7867032559588552
0.7863324182108045
0.7859849004074931
0.7875437723472715
0.7861126311123371
0.786967053450644
0.7869808649644255
0.787765739671886
0.7872107930481433
0.7874588211998343
0.7871820088475943
0.7864308165386319
0.786659544147551
0.787699637003243
0.7874753199517727
0.7860336044803262
0.7865194233134389
0.7873119682073593
0.7861079342663289
0.7869226096197963
0.7857952300459147
0.7864965273067355
0.7858021683990956
0.7862865461036563
0.7875341044738888
0.7864096749573946
0.785895511880517
0.7858724366873503
0.7875805070623756
0.786419689655304
0.787851857766509
0.7859483193606138
0.7866884274408221
0.787544441409409
0.7879199216142296
0.7872189102694392
0.7889221271499991
0.7894193679094315
0.7875831343233586
0.7867390006780625
0.7874628646299243
0.7861462038010358
0.7898350348696113
0.7889409178867937
0.7895304590463639
0.7890670163556933
0.7890695644542575
0.7895089423283934
0.7883103566244245
0.7883716439828277
0.7871805308386683
0.7866213764995337
0.7866653267294168
0.7881724115461111
0.788142166659236
0.7885999279096723
0.7879751261323691
0.7883148359134793
0.7875105550512671
0.7882419975474477
0.7876645393669606
0.7876884218305349
0.7866028694435954
0.7869462469592691
0.7882029190659523
0.7880966437980532
0.7892726488411427
0.7883481033146381
0.7875046223402024
0.7867088459432126
0.7865345038473606
0.7870756486430764
0.786287191323936
0.7857871361076831
0.7855523465201258
0.7872789641842246
0.7874674754217267
0.7867688855156303
0.7872769145295024
0.7882072806358338
0.7870686743408442
0.7867983058094978
0.7862386826425791
0.7864709990099072
0.7858940295875072
0.7868291245773434
0.7868385199457407
0.7877482987940312
0.7872127160429955
0.7867564817890524
0.7868934780359268
0.7872273303568363
0.7871363570913672
0.7857019040733576
0.7867274658754468
0.786818866059184
0.7868919860571623
0.7875494353473187
0.7867131203413009
0.7863722514361143
0.7869872311130166
0.7866596406325698
0.7869010807946324
0.785976792126894
0.7852516850456596
0.7865855859592557
0.7851982772350311
0.7855486581102014
0.7857602342963219
0.7863469876348972
0.7863892026245594
0.7853693747892976
0.7855962766334414
0.7857203532010317
0.7868092767894268
0.7856421707198024
0.7855759225785732
0.7858145916834474
0.785565079562366
0.7857331672683359
0.785404514707625
0.786260762065649
0.7852134265005588
0.785773759894073
0.7848854975774884
0.7859029604122043
0.7864795990288258
0.7852350322529673
0.785860250890255
0.7852380493655801
0.7854242468252778
0.7859514217823744
0.7861004011705518
0.7847867580130696
0.7858462058007717
0.7856314428150654
0.7848825823515654
0.7856149867177009
0.7853249631822109
0.7852519299834967
0.7853335689753294
0.7859081307426095
0.785374878719449
0.7858350869268179
0.7851183596998453
0.7848348502069712
0.7858357219025492
0.7854183899238706
0.7847732605412603
0.7849366826936602
0.7847284121438861
0.7871596788987517
0.7854266349226237
0.7852125085890294
0.7852465467527509
0.7844785688444972
0.7849095227196813
0.78549530711025
0.784694105386734
0.7848749248310923
0.7850464083254337
0.7851144960150123
0.785130712389946
0.7857512619346381
0.7846413848921656
0.7853101786226034
0.784573246538639
0.7848959336057305
0.7856847127899528
0.7904454430565238
0.7901821078732609
0.7907634919509292
0.7904136074706912
0.7905005140230059
0.7902846828103065
0.7903548242524266
0.7898364262655377
0.7901273811236024
0.7900594471022486
0.7907533412799239
0.7896152952685952
0.7893037835136056
0.7889850931242108
0.790081056021154
0.789591071382165
0.7904547827318311
0.790746108815074
0.7898798981681466
0.7907657032832504
0.789857841283083
0.7898362834006548
0.7900527192279696
0.789429952017963
0.7901459520682692
0.7903799643740058
0.7897819502279162
0.7895007230341434
0.7890175886452198
0.7897486183792353
0.7887664556503295
0.7889795333147049
0.7900855798274279
0.7889815770089627
0.7895296728238463
0.7904407683759928
0.7900059211999177
0.7904489452019334
0.7905776876956224
0.7896028887480497
0.7897751580923795
0.7903374016284943
0.7904100872576236
0.7907475389540195
0.7910541627556086
0.7913600206375122
0.7915311435237526
0.7909851109609007
0.7905625101178885
0.7908749895170331
0.7899309856817126
0.7900949001312256
0.7899026218801737
0.7899484697729349
0.7900623872876167
0.7902264107018709
0.7898071352392435
0.7902086975052953
0.7901067659258842
0.7906249670311809
0.7900749390944839
0.7898992512375116
0.7900557462126017
0.7905389003455638
0.7907075349241495
0.7909150764346122
0.7897199025377631
0.7895554846152664
0.7897467100992799
0.7899599321186542
0.789919875189662
0.7898761844262481
0.7902091836556793
0.7897142075002194
0.7904803803190589
0.7911088727414608
0.7901289168745279
0.789893146418035
0.7902951559051872
0.7894481645897031
0.7892548263072967
0.7894944664090872
0.7893195236101747
0.7895387288182973
0.7898987587541342
0.789667640067637
0.7893876269459724
0.7899257367476821
0.7895677134394645
0.7895730094984174
0.7896288247779012
0.7895016333088278
0.7897165143862367
0.7907188680022955
0.7906389627605677
0.7898516688495875
0.7895315401256084
0.7899528855457902
0.7895177690312266
