2.076629657484591
1.6728530080989004
1.6542439040727914
1.6733091531321407
1.4535992797464132
1.4534936415962876
1.8303288732655347
1.392075986135751
1.351138818822801
1.5186986360698937
1.9204416784457863
1.7680247688665987
1.5302093210630119
1.3676152054220438
1.2802179125137627
1.2519870964810251
1.346735494863242
1.2636681288480758
1.5939259856007992
1.7920780776999892
1.8665621245279909
1.332819159142673
1.5108263406902551
1.3263375388458372
1.3936260594986378
1.4248618248850107
1.25546312937513
1.3307433871552348
1.2322654333896934
1.2748738361522556
1.2786759458482266
1.1989018416032196
1.2743085752241314
1.3108497800305485
1.2131998896598817
1.1672479980625212
1.166574443038553
1.1847980434074998
1.6126857500523328
1.4430462035350502
0.9862315631471574
2.130528829805553
2.165725306607783
1.9185618571937084
1.7267269956879319
1.6495738158002495
1.724064270965755
1.3797559039667249
1.2882780886255205
1.3884838464669884
1.4859665733762086
1.1669148246757686
1.4440295194275676
1.338370179850608
1.299134259019047
1.7003997819498182
1.2291288772597908
1.2794384277425705
1.178528921958059
1.085415474884212
1.6007895019836724
1.2917054728604853
1.279614180419594
1.6331189978867768
1.2150140492245556
1.295272743701935
1.0253478065133095
1.4501810643821955
1.2959919629618526
1.5865258507430553
1.2595754437148572
1.8368859033100307
1.4914393202401697
1.3714554069563747
1.2909386342391371
1.1832788626663386
1.1298839529976248
1.1253135771490634
1.1154855964705348
1.2854725008830428
1.1150038961321116
1.1813161741942166
1.2946795878000557
1.0634459130465985
1.3394825587049126
1.320281135570258
1.398953218664974
1.4517646674998104
1.2572332340292633
1.4055604796856642
1.13378380946815
1.1446335489861668
1.0809088776819409
1.0604935553856194
1.03973578652367
0.9433559497818351
0.9887087414041161
1.0397997110150754
1.0189196976833046
1.2599345045164227
0.991568889748305
2.3817605055868625
3.8662846312858163
2.7435702664777635
1.6568375194445253
1.821814865525812
3.2222060984931886
2.8743801707401873
4.104671453032642
5.0721137134358285
3.4233956759795547
3.1932675970718263
1.0382637538015842
1.2077112916857005
1.48736933702603
6.48406678494066
7.5175537911243735
7.20916724158451
7.6526150072924795
8.418761851079761
6.553044792171567
7.779145619366318
8.306051674857736
8.526598766352981
8.61121077388525
9.178772875759751
9.576106749009341
8.94227902572602
9.242559597454965
9.773671506345272
9.578238807059824
9.312194216810166
9.095938118640333
9.347620997112244
8.97896687919274
8.63112171245739
8.716705060563982
9.021394485328347
8.923937522526831
8.42449818411842
8.770366894546896
8.744026064127684
8.289946872554719
7.252349413651973
8.292073532100767
8.209381874650717
7.382386966608465
7.5436430659145115
8.080627436563372
8.298502648901195
7.506439550500363
7.428991452138871
5.447458042856306
6.681885705236345
7.783946202415973
7.702670399937778
7.383859346061945
6.335661181528121
2.69751981087029
1.8961281758733093
5.092775346152484
7.779767427034676
7.881531898025424
8.369249544013291
7.848408366832882
8.090470673516393
7.484555424749852
5.630886441282928
4.4553240610286595
5.3698743746615945
5.426406572945416
6.676381739135832
5.969403552170843
3.163394445925951
5.605783931072802
5.050837385468185
5.462601962685585
4.4516547585837545
4.638249327242375
5.278457331471145
6.134527268074453
5.578205943014472
6.066798392310739
7.530640494357795
8.546466943062843
8.466457896679639
8.79478116389364
9.41970928935334
9.346335946302862
9.250862581282854
9.193139675166458
9.34298437992111
9.109232577681542
9.042128076124936
8.823370780609547
9.281544936820865
9.71495563974604
10.007368524558842
9.788135165628045
9.68775000507012
9.806983150728048
9.6811519946903
9.209325246652588
8.691759365610778
8.974747350253164
9.183803185634314
8.920863519329577
8.67197233652696
8.590449958015233
8.755272844899446
8.571560079790652
8.677276103850454
8.609325234126299
8.727706096414476
8.637477127928287
8.225474265078082
8.482002082373947
8.594370443373919
9.052688754349948
9.032849812787026
9.077175684086978
9.144660125300287
8.801654841285199
8.99141653450206
9.009930383879691
9.150969068799167
8.989509095437825
8.940810603741557
8.928192168008536
8.82670367467217
8.852095929905772
9.482347643375396
9.083368049468845
9.0395799389109
9.009091106895358
8.9632397828158
9.001569243939594
8.957014297880232
7.860082143265754
8.832183486502618
8.52707076203078
8.24434165265411
8.290644106827676
8.157566566299646
7.806294021569192
7.961713046673685
8.408148609288038
8.7105687180534
8.749040365032851
8.309187723509968
8.389176510786637
8.823252055840566
8.769275280786678
9.144293747469783
9.17155911680311
9.24205782385543
9.199696380831302
9.500050077401102
9.29689907510765
9.24191854163073
8.670006012776867
8.478039151709527
8.687283011712134
8.8711091008503
9.063641534605996
9.328920459980145
9.207856143917889
9.064912746055052
9.105988677497953
9.067831035424025
8.844411171879619
8.590786386094987
8.689872916880995
8.693106642039492
8.476367230806499
8.233810196025297
8.271051791170612
7.97648934321478
8.319033659528941
8.447898363461718
8.322359837265685
8.655389721225948
8.736053422512487
8.199238566402347
8.366935692029074
8.20649639912881
9.16129996413365
8.51734764156863
8.702650883793831
8.627150196116418
8.591796433459967
8.412031284254045
8.096217679278926
8.32655457542278
8.70097760828212
8.665745959151536
8.220703310566023
8.292589205084369
8.820383545290678
8.731712465872988
8.908562728250399
8.689508704841137
8.40264157122001
8.423803415242583
8.394894071668386
8.361506691202521
8.56985353063792
8.806887397635728
8.428057166561484
8.578222321160137
8.531598784960806
8.447992491256446
8.5911332170479
8.591120552737266
8.6460842336528
8.624283161852508
8.82091558529064
8.79332315735519
8.793017081171275
8.78167314035818
8.696320316009224
8.679368893615901
8.488083791732787
8.486211785674096
8.280248894542456
8.074349195230752
8.513507161289454
8.340898868814111
8.354848279990255
8.377343830652535
8.413687813933938
8.204083011485636
8.015054975450038
8.063476228527724
8.050042227935046
7.986996577400714
7.89812897220254
8.065550454892218
8.206437324173748
8.20719484006986
8.515211388655008
8.454988352768122
8.303830827958881
8.598685456998647
8.542725198157132
8.395734553225338
8.396814854815602
8.520200641453266
8.4022763392888
8.497255073674022
8.578435943461955
8.295504065137356
8.19375742385164
8.280471443291754
8.256798699684442
8.302795762009918
8.624062453303486
8.696771910600365
8.642562675569206
8.408750946354122
8.571267972234637
8.634519917611033
8.56161703746766
8.607516267988832
8.492240978032351
8.467334859352558
8.62140969093889
8.628348253387959
8.308606738597154
8.529452286753804
8.463856770377607
8.39168577948585
8.452454534638672
8.346861704159528
8.253889992646872
8.199814421124756
8.124359504785389
8.144672632496803
8.219797643460334
8.381415458209812
8.1332557762973
8.102752514369786
8.06458548642695
8.123343229666352
7.9939138304442166
8.01218078220263
7.7291287505067885
7.887686854973436
7.7358266899362205
7.9137878628447655
7.823714477568865
8.04174384381622
7.912345073185861
7.803189618047327
8.048143149912358
8.076830089651049
7.693163454625756
7.881988732516765
7.906615468952805
8.000826847553252
8.023956936039031
8.411468913359567
8.5285069772508
8.703635611245408
8.801962266396732
8.809727817540988
8.784839729685336
8.587638739682735
8.325328979175538
8.311764067178592
8.351612850930541
8.372282758401706
8.342574841994793
8.298848132509738
8.458500105980784
8.690273946197703
8.486711096391081
8.432490365393459
8.49353880523704
8.58532736687921
8.457152058696375
8.505915984930471
8.585823951009662
8.582894867705182
8.6312209604308
8.708355765836313
8.641899521276354
8.716052199946716
8.703356834268197
8.675860524922609
8.62409830680117
8.549875243427232
8.592106007225812
8.499992883158848
8.364217796968296
8.473944774549455
8.514757394045592
8.596769133908674
8.506647785147653
8.475028365943581
7.945924862427637
8.097664048988372
8.182609662041068
8.17682054671459
8.131844253558665
8.319846877921373
8.46416051434353
8.386057855701074
8.182332738814875
8.322179320408031
8.201762937521561
8.360455810837447
8.38974561141804
8.339054943574592
8.168103374959902
8.123372967680917
8.178892830992117
8.206491806777194
8.38357358193025
8.434265986643732
8.508996820449829
8.34547870210372
8.379728584270925
8.39752197470516
8.338863038038834
8.338022417062893
8.369306596415118
8.287690968392416
8.282467110455036
8.319085737364366
8.272562739113345
8.161808401485905
8.081885858718305
7.996755601838231
8.036577807134018
8.025198159972206
7.870297533925623
7.910454368265346
7.811016545072198
7.81220775982365
7.81930190292187
7.567159138806164
7.70127716716379
7.6897792729083445
7.851341420831159
7.856593968253582
7.723434693133458
7.769807261228562
7.91403865320608
8.04520826251246
8.117389859817923
7.886200525425375
7.855406087078154
7.90346179776825
8.054237431986257
8.058082565339282
8.035136733716353
8.06598077537492
8.087760356580839
8.086110420897603
8.07237383951433
8.56370691563934
8.472784499637783
8.374629016034305
8.04892287584953
8.201756104547531
8.359971212223172
8.332383876526729
8.259831384336575
8.205630359519272
8.528464645054191
8.650785585539415
8.464889629557728
8.38397948788479
8.493341682385653
8.468398084584624
8.456920927530154
8.32103666975163
8.102135519729927
8.331531630130485
8.460073605785146
8.445166761614383
8.581811365438625
8.306385123217478
8.575135694956407
8.610153749398886
8.613339618314058
8.611646543396636
8.381509095756337
8.423603052133695
8.501234895270319
8.440119115589187
8.33225722904317
8.289134860876947
8.61628799913451
8.5323129395023
8.556592642050237
8.513060154812411
8.526569793745875
8.549942924128846
8.602241796068848
8.715319880843163
8.676113456999882
8.62634589341469
8.558492290088907
8.326366491802037
8.319097079336643
8.387019264418631
8.38649786412716
8.35431467969902
8.18272414309904
8.081725971912965
8.083042588457465
8.158249118085951
8.18871573023498
8.222854838054626
8.301111048599704
8.425692117447033
8.375318431248889
8.393087383080275
8.233346892753616
8.35595723669976
8.367768398765474
8.32945593809709
8.191368495160713
8.090511295339093
8.004004312772304
8.086913620540873
8.182561647100375
8.150235145911575
8.19849413954653
8.132352843414992
8.234659852972253
8.34765009614639
8.39775648205541
8.340316517464817
8.338622800866142
8.34848547433503
8.339302307832986
8.473934757476673
8.52934514186345
8.538324316218496
8.493851068476214
8.473203831119463
8.354999617813155
8.466683374904097
8.479521171282977
8.464450900629163
8.487424435606226
8.496166546223686
8.572050277004019
8.591666019055992
8.584636680362745
8.628389572864398
8.726950161717832
8.690069468133151
8.709053462278098
8.859929118165747
8.678566595492885
8.530537395039573
8.53687910134904
7.59336002911441
7.6256864231079815
7.676964947534725
7.677178127551452
7.652087969798595
7.625030658673495
7.6717103606555614
7.669009706284851
7.729759049462155
7.658374262554571
7.669186566304416
7.692828235402703
7.677006145101041
7.783920832257718
7.842708013858646
7.813514797296375
7.815142831811682
7.770720609789715
7.804156020423397
7.7876320656389
7.842570967413485
7.82813651477918
7.750925251934677
7.7358382565900685
7.732729162974283
7.677233921922744
7.714454507548362
7.638004855904728
7.6975285718683155
7.686618648562581
7.762007008725777
7.798816967383027
7.817284741112962
7.847947779903189
7.842106561176479
7.745021654153243
7.850857853796333
7.757864151103422
7.81570308143273
7.75888084853068
7.759815354179591
7.708850351627916
7.685959858074784
7.783491367707029
7.812710847379639
7.787776456121355
7.8070623924024405
7.881612716335804
7.9012340326793495
7.8925573887303475
7.828023388935253
7.872468967083842
7.903080859873444
7.92005426120013
7.902478049462661
7.917985899886117
7.898619400896132
7.904753646440804
7.926005565561354
7.878473482839763
7.789277274068445
7.880446249386296
7.847754166834056
7.872893197042868
7.843032851768657
7.803931556083262
7.835862408624962
7.880120851099491
7.81514332392253
7.860484280856326
7.866632211348042
7.852341923443601
7.958693578233943
7.955809130426497
7.9046411154326055
7.9152341447770596
7.901535070128739
7.898018440278247
7.905671305675059
7.880422771070153
7.84472657465376
7.877341114543379
7.914784102328122
7.921278431545943
7.899335581623018
7.842689759889618
7.790879078069702
7.797365097142756
7.760014585405588
7.782142209541052
7.762046535871923
7.751316993217915
7.747254911530763
7.769307910371571
7.716462076362222
7.674441488180309
7.708608087804168
7.727665179828182
7.718435568548739
7.741461526602507
8.353603234142065
8.375190607598052
8.391751257237047
8.412201261054724
8.380207479558885
8.3759897924494
8.401568421768024
8.420464768027887
8.398266852134839
8.423780308850109
8.413458483759314
8.41990180220455
8.464732414763422
8.467730510234833
8.447597279539332
8.49559199172072
8.56048740549013
8.543339833430945
8.568317850539461
8.55142964972183
8.471485130721703
8.535686056269332
8.485094453347847
8.420411904715001
8.442450008215383
8.467491547903046
8.521224253019318
8.53949038120918
8.51681079408154
8.530165981175378
8.49034791556187
8.452029535872862
8.440163075458258
8.42303065471351
8.463485134020448
8.434178013633936
8.46198292300105
8.46624910752289
8.457005700096488
8.428498953580856
8.412257263623179
8.395794111071154
8.41758349216543
8.400328730558977
8.421610751142726
8.39924296378158
8.410502741765232
8.371028092643247
8.404028522316366
8.436659054411574
8.41982103176415
8.40369286891073
8.425406070705503
8.444232433661819
8.468917137291282
8.450704063242302
8.471047179028393
8.458361381059513
8.498798380047083
8.484277577279135
8.464398369658738
8.48882912201807
8.4852103412617
8.496119416924193
8.470054970355704
8.473521529650316
8.468529891828075
8.448958526086063
8.479527361504733
8.486896273307503
8.482099448842927
8.42988400873728
8.444027529563755
8.436600149609149
8.448021673364565
8.44618215742521
8.440042468113825
8.426949856849387
8.42099529337138
8.436396087426692
8.46853593410924
8.45459757191129
8.447110024886205
8.431087069539354
8.417578583257272
8.424217897141352
8.396714347461238
8.422829767456278
8.42650982690975
8.434528783336281
8.4445755536668
8.451544144144282
8.437413912545889
8.423046873696148
8.412138001667335
8.404349071858451
8.382694200100378
8.362861062446608
8.371061598462983
8.351497080130503
7.492923641670496
7.502273987326771
7.47964693447575
7.475518460851163
7.473846677923575
7.458645823644474
7.4239980658981946
7.4082989160902795
7.440483404183761
7.428153685387224
7.436940304469317
7.411167207919061
7.3648321979679165
7.384770389832556
7.415054900944233
7.4171680033672605
7.434635848272592
7.415786231961102
7.432128328550607
7.446145172370597
7.421129172062502
7.38684977190569
7.403760367305949
7.374079040065408
7.384151868429035
7.374181196233257
7.370345484185964
7.357869296614081
7.3318262388929725
7.3451394371222705
7.337436768040061
7.367335652466863
7.342570735141635
7.34499785117805
7.324400603352115
7.39995123646222
7.388089019572362
7.412786959856748
7.389672610722482
7.3810763788409535
7.3552483805920925
7.344921579072252
7.358773039327934
7.313758359383792
7.3157744411379095
7.331447882158682
7.333014579908922
7.360254662204534
7.378309222776442
7.371893797116354
7.353185069607571
7.336640755226836
7.318620788026601
7.3147855054121464
7.337486133025959
7.304968832014128
7.315356774441898
7.302317799255252
7.312208445556462
7.300219036918134
7.298101514996961
7.2874887581449
7.323932355456054
7.317788468673825
7.316958579514176
7.3291396191343665
7.332537450268864
7.3673449255991725
7.36130414060317
7.3435776982922105
7.319479804625734
7.314498241664841
7.3024374670814725
7.305219785729423
7.310297543369233
7.2946133688557895
7.323427025321871
7.320183136453852
7.303443567827344
7.313030588254333
7.309266500873491
7.30070216935128
7.314899543439969
7.2962265885435045
7.281298931408673
7.298749967804179
7.320252145314589
7.325784227531403
7.284109209151938
7.277971128839999
7.298679378768429
7.277628345414996
7.2966350195463745
7.331321496376768
7.316756600281224
7.3037599675357345
7.290853392193094
7.282550413394347
7.30054634208791
7.293734131800011
7.338892173580826
7.30804158039391
7.321368191577494
7.311569693591446
7.29634673516266
7.314114300115034
7.315964777907356
7.328871613275259
7.330747243994847
7.3146454931702465
7.299097541579977
7.311607389850542
7.299590502679348
7.285534284263849
7.308152214437723
7.321522189537063
7.3420898578129705
7.324070754833519
7.327107706386596
7.333524765400216
7.347077835304662
7.358646841347218
7.34345637159422
7.342927778046578
7.3106381154619156
7.301997847482562
7.317528735287487
7.308281067805365
7.310353504633531
7.299116992391646
7.286399427289143
7.26226794263348
7.275881535653025
7.2749053128995005
7.291762236785144
7.290566637273878
7.287070786394179
7.288845712225884
7.257924285484478
7.259737102733925
7.240576860262081
7.250006147939712
7.243282333342359
7.2468297727871684
7.249299501581118
7.2526962905656545
7.249359799735248
7.254223300842568
7.275929083069786
7.279883278440684
7.244430346088484
7.245809801248834
7.262133711948991
7.2458591390866784
7.237243972206488
7.229565143724903
7.214572325721383
7.203029541950673
7.197241004090756
7.2098431310616435
7.221066111046821
7.214831022219732
7.2182738539297135
7.225576212350279
7.231243395898491
7.203882797341794
7.214254332473502
7.229180108988658
7.206441584089771
7.2240352664608505
7.2111240698490295
7.207279703812674
7.226582295075059
7.206672927550971
7.203561789449305
7.22767089358531
7.209924425277859
7.204749199934303
7.203918107319623
7.214531553164124
7.197914560465142
7.207908853143453
7.187840186245739
7.20298977275379
7.200836883904413
7.2086292511317875
7.213628768920898
7.216113108163699
7.216009401157498
7.220287002343684
7.197595036355779
7.205132952146232
7.210241018747911
7.206999822659418
7.205244973860681
7.212760119140148
7.205103693297133
7.2292550462298095
7.217692277627066
7.213943567918614
7.202979621756822
7.192162045557052
7.183658374100924
7.201481276983396
7.1926372514571995
7.198811244172975
7.207253509154543
7.205008426820859
7.196213380340486
7.217836139071733
7.208911546878516
7.203973859595135
7.209841669490561
7.189523719670251
7.215463950904086
7.195656734984368
7.203019143687561
7.205623286496848
7.207899060519412
7.223645558394492
7.205719318240881
7.211861785547808
7.1878582025878135
7.212076212791726
7.196310086920858
7.19755199579522
7.202902601193637
7.2112076046410944
7.201856919424609
7.2107852475252
7.194258066266775
7.212066735792905
7.209714926499873
7.204106995509937
7.203437588270754
7.212734160805121
7.207722048321739
7.18361607179977
7.187771901767701
7.198008936503902
7.1873860322404655
7.187510556261986
7.188140244083479
7.1897515436634425
7.19761074068956
7.201243159361184
7.210818159906194
7.192553445184603
7.180608070967719
7.186118144821376
7.196588036604226
7.189374376833439
7.187553770747035
7.200988880544901
7.185194319812581
7.199816536111757
7.202629669988528
7.180165952723473
7.186979179922491
7.17793284105137
7.186397771723568
7.162197329616174
7.197981164325029
7.1992449620738626
7.174815043993294
7.177437769575045
7.179321947693825
7.1807751774787905
7.166558470297605
7.193847285956144
7.19267659522593
7.194306561164558
7.1902706967666745
7.184074722323567
7.206626899773255
7.180536668235436
7.181482284376398
7.2028628313913945
7.181657533487305
7.202359978621826
7.182325178338215
7.190707388194278
7.166515293810517
7.184059995459393
7.18029420808889
7.1839190448634325
7.17987221297808
7.171505579026416
7.158065661136061
7.156941325077787
7.170173318265006
7.174624621216208
7.185002516256645
7.18381229704246
7.173737780377269
7.157422064105049
7.170548782264814
7.180187676148489
7.183158675208688
7.204513820307329
8.173854776658118
8.162208633404225
8.166527890088037
8.1603226384148
8.148267615959048
8.152618729835376
8.160074616549537
8.152877673879265
8.154374189814552
8.149818659806623
8.154770724661649
8.150559635879471
8.163790761306881
8.157209090236574
8.14983708471991
8.167008931655436
8.132743859430775
8.149896730948239
8.145598953589797
8.153725941572338
8.16069093681872
8.160604374809191
8.159283013502137
8.153924153232946
8.147882712306455
8.15637985956855
8.153463634289801
8.14403542689979
8.150203845323995
8.156487275566906
8.15941678727977
8.152760990709066
8.149366195779294
8.173195087490603
8.14879586212337
8.166908403113485
8.147165522072465
8.147941173426807
8.146514158789069
8.15134589415975
8.170080438815058
8.153921853099018
8.166117122257129
8.157466512173414
8.162137844087557
8.154501383705064
8.169106383994222
8.159172241995112
8.136704866215586
8.140418796846642
8.124899500794708
8.133254980295897
8.124277865653857
8.13940084958449
8.122169941244646
8.131577442353592
8.138025898905472
8.137042261427268
8.113756329985335
8.132859389111399
8.146019725129008
8.119213580247015
8.124894915660843
8.13612987655215
8.106369513226673
8.119241720531136
8.138748924294486
8.139972337009386
8.144297301629559
8.116281293332577
8.106370928231627
8.128759052418172
8.119583202572539
8.120986177586019
8.116048209974542
8.148069554800168
8.124675750359893
8.116511224629358
8.128938641538843
8.113669896917418
8.124764942098409
8.110461862431839
8.131178069347516
8.117175341863184
8.12993855746463
8.10669631534256
8.15872354679741
8.139777441462503
8.13738637464121
8.11764286821708
8.150700389500708
8.133907392714173
8.10574968024157
8.125550696020946
8.116682709148154
8.130597925838083
8.116032804828137
8.118590314174071
8.107077095704152
8.121553443651646
7.491910842899233
7.498644708748907
7.501803405489772
7.4767167329788204
7.455452227964997
7.47833203971386
7.4754936614073815
7.475220488291233
7.489086827728897
7.481205565296113
7.469101940095425
7.503829698264599
7.4742913139984015
7.484091920498758
7.486769780702889
7.470614077989012
7.468163477256894
7.464926074631512
7.483276171982288
7.4874410076066855
7.491187027934939
7.48949274783954
7.483797430340201
7.497980521339923
7.489935831911862
7.4972218129783865
7.480047946237027
7.493298153392971
7.500897397566587
7.493730705697089
7.495932317245751
7.501285624969751
7.500961235165596
7.511886939033866
7.4998955519869925
7.496453096251935
7.491699748951942
7.486663536168635
7.48017543181777
7.48281042072922
7.500107251945883
7.489422334451229
7.517168955411762
7.499130473937839
7.507290511392057
7.51598463691771
7.5039115261286495
7.486949605029077
7.505970433354378
7.517546533048153
7.491661443188787
7.493982835486531
7.487982474919408
7.50660413345322
7.4926566738635305
7.511351072322578
7.502313768491149
7.505732474941761
7.513033284246921
7.511765478085726
7.500010863877833
7.494825277198106
7.491106536332518
7.507604320067912
7.502055757120251
7.493004553299397
7.4976352142170075
7.502592723071575
7.504319195821881
7.497610283549875
7.494890652969479
7.505112237855792
7.506837657187134
7.504412982426584
7.501309129875153
7.496772040985524
7.506350494269282
7.477469251118601
7.499141252692789
7.495539783872664
7.512352671008557
7.500420515798032
7.498785948008299
7.5066437108442186
7.515340433735401
7.499342676438391
7.5095538074150685
7.51191006777808
7.510002130828798
7.501392087340355
7.504932407848537
7.4966231903992595
7.4849920507520435
7.5021509045735
7.505507484357804
7.508319378364831
7.498449046164751
7.509603282622993
7.511497911065817
7.500098866317421
7.084646947402507
7.077819557674229
7.091218710597604
7.095030807517469
7.094105673115701
7.096000933926552
7.083637482859194
7.080384770967067
7.082534541655332
7.085010522603989
7.0792241604067385
7.091605300456285
7.076215697824955
7.083896075189114
7.095675869751721
7.084056980907917
7.077795487549156
7.074482039362192
7.098374697193504
7.0953086514025925
7.078183193597942
7.087236073054373
7.077080444525928
7.085536646284163
7.0795731958933175
7.076487128902227
7.07541427873075
7.076905184797942
7.074255631957203
7.0879015980288385
7.078857711609453
7.090194677002728
7.07147414078936
7.071421896386892
7.078699160926044
7.0771322406828405
7.079714328795672
7.07817360246554
7.088726092223078
7.080000670440495
7.087046989798546
7.09445375232026
7.073324206937104
7.079812272079289
7.071396401524543
7.068761692382395
7.074295959994197
7.07258182046935
7.063407076243311
7.085771989449858
7.071993761695921
7.07993287332356
7.07072685547173
7.077988505735993
7.0851486450992525
7.072767231054604
7.081261512823403
7.07673620423302
7.072158734872938
7.079911833629012
7.07602613195777
7.083340102434159
7.0778400586918
7.088968949578702
7.07295386577025
7.0725793553516265
7.078035622835159
7.075385885499418
7.074809319339693
7.085071338713169
7.077011818066239
7.0728635641746225
7.08000950710848
7.091784094553441
7.086153533495962
7.086550946161151
7.071711383294314
7.084993592742831
7.071969558950514
7.088550302200019
7.08324217395857
7.0705310786142945
7.0674372226931155
7.074185265600681
7.089118161983788
7.081531901285052
7.0773036780767145
7.094845365080983
7.069868488796056
7.077880444470793
7.0708860320039095
7.087206625565886
7.063603470474481
7.076977277174592
7.07660758914426
7.076665508374572
7.07856040969491
7.06977216778323
7.08292515873909
7.094709542114288
7.885465020919218
7.881963071692735
7.895514253759757
7.897681308817118
7.895594674954191
7.896940729208291
7.891035850159824
7.890794793050736
7.899420871213079
7.887907369760796
7.893969236686826
7.896586397336796
7.881994963111356
7.89371822536923
7.880488989781588
7.893626201851293
7.89036254924722
7.9042455847375095
7.904236900806427
7.906184963416308
7.886094510741532
7.89605540074408
7.889803193463012
7.8835027299355716
7.88533098353073
7.891762856952846
7.877780525805429
7.885247461218387
7.878657964477315
7.901445555407554
7.890780394943431
7.874324091104791
7.896640809997916
7.899702255148441
7.897163560101762
7.898550434270874
7.890135176992044
7.875644384976477
7.875346333393827
7.8851507166866215
7.888472976768389
7.888238871283829
7.895893630338833
7.8787022867240015
7.879974418785423
7.891364624490961
7.882506000204012
7.892761643556878
7.894649257231504
7.899249055655673
7.88611762165092
7.877527831075713
7.883293168572709
7.8843089662957935
7.896370949363336
7.872997039556504
7.890458517801017
7.881390751153231
7.88343499135226
7.880420928541571
7.88894062563777
7.888778174249455
7.880673385458067
7.897433690307662
7.885323333879933
7.891429462702945
7.8743620633147655
7.873064678069204
7.877284903964028
7.902835056278855
7.903430682653561
7.884747269749641
7.917273251106963
7.897399861598387
7.8788607297465205
7.891268318658694
7.894639810081571
7.885404938785359
7.884747977694497
7.888571732444689
7.878406025422737
7.88551143812947
7.883186755049974
7.886993120517582
7.887283345405012
7.872504433244467
7.88456727466546
7.884945485927164
7.889688325347379
7.889842762146145
7.887324564531445
7.894421916874125
7.899057381646708
7.904556677909568
7.901397744333371
7.884662305284292
7.904074078705162
7.888080380903557
7.894878413248807
